FILE_PATH:  ./data/CATH/1g31A00
MD5:  74e511825c53504c300f9498833b5a79
PROT_LEN:  107
TEMPLATES_COUNT:  2
ALGN_SCORE_CUTOFF:  0.4
POT_S_PARAMETER:  2
FRAG_DIST_CUTOFF:  0.8
GAP_PENALTY:  15
MIN_FRAG_LENGTH:  4


#PROTEIN_FAMILY

~^&%@
./data/CATH/1p3hB00 0.64847
./data/CATH/4pj1100 0.62393
